705788
406217
580215
628765
697895
586889
559928
682287
561131
543243
596079
606833
510859
442278
662395
578332
380143
533037
513731
594861
600881
534800
668799
484532
702336
502928
352083
568016
528883
600297
514980
352555
534280
605290
538136
519521
688183
539860
346853
682416
662526
621584
642845
611301
499488
561693
285577
581816
585681
552217
611095
615940
670176
646603
666566
506140
545737
564354
554084
554892
509569
603905
422136
560498
543250
650979
515297
657122
571835
604980
639013
454451
509341
547494
667097
705788
406217
534800
552217
578332
628765
534280
606833
636839
697895
528883
617995
561131
554758
652397
433267
596079
510859
442278
585681
554084
162800
441380
564354
565219
150054
559843
623927
530818
594170
690105
352083
568016
462878
450406
575330
539860
597326
479108
285577
346853
621584
654160
456366
594121
594861
662395
518426
408776
560498
380143
419600
621102
614248
602903
675872
516494
580273
639468
557145
552726
595389
654053
650979
620981
549893
452417
382400
605523
594751
582625
581816
559171
654313
